---
  events:
    failure: 0
    noop: 0
    total: 0
    success: 0
  resources:
    changed: 0
    corrective_change: 0
    failed: 0
    failed_to_restart: 0
    out_of_sync: 0
    restarted: 0
    scheduled: 0
    skipped: 0
    total: 109
  changes:
    total: 0
  time:
    anchor: 0.000555
    catalog_application: 0.010555
    config_retrieval: 4.75567007064819
    convert_catalog: 1.3
    cron: 0.000584
    exec: 0.508123
    fact_generation: 0.34
    file: 0.441472
    filebucket: 0.000353
    last_run: 1444936531
    node_retrieval: 1.235
    notify: 0.00035
    package: 1.325788
    plugin_sync: 0.325788
    schedule: 0.001123
    service: 1.807795
    ssh_authorized_key: 0.000764
    total: 8.85354707064819
    transaction_evaluation: 4.69765
    user: 0.004331
    yumrepo: 0.006989
  version:
    config: "environment:d6018ce"
    puppet: "3.7.5"
