example_operational: 1.000000 1696489223000
example_value: 42.000000 1696489223000
