weather_temperature: 1696489223000=23.100000
weather_humidity: 1696489223000=52.300000
weather_windspeed: 1696489223000=3.200000
